function rts = Case24ReliabillityDatav2()
%%---------  Reliability Data for the IEEE-RTS-------- %%
%% generation unit data
%1BUS %2Forced Outage Rate %3MTTF(hour) %4MTTR(hour) %5Scheduled
%Maintenance (wks/year) % 6 number of states
rts.gen=[
    1 0.1 450 50 2 
    1 0.1 450 50 2 
    1 0.02 1960 40 3 
    1 0.02 1960 40 3 
    2 0.1 450 50 2 %5
    2 0.1 450 50 2
    2 0.02 1960 40 3
    2 0.02 1960 40 3
    7 0.04 1200 50 3
    7 0.04 1200 50 3 %10
    7 0.04 1200 50 3
    13 0.05 950 50 4
    13 0.05 950 50 4
    13 0.05 950 50 4
    14 0.0000001 999999 0.0000001 0 %15
    15 0.02 2940 60 2
    15 0.02 2940 60 2
    15 0.02 2940 60 2
    15 0.02 2940 60 2
    15 0.02 2940 60 2 %20
    15 0.04 960 40 4
    16 0.04 960 40 4
    18 0.12 1100 150 6
    21 0.12 1100 150 6
    22 0.01 1980 20 2 %25
    22 0.01 1980 20 2
    22 0.01 1980 20 2
    22 0.01 1980 20 2
    22 0.01 1980 20 2
    22 0.01 1980 20 2 %30
    23 0.04 960 40 4
    23 0.04 960 40 4
    23 0.08 1150 100 5
    ];
%% gas fired units
% 1 index in the gen matrix % 2 MTTF % 3 MTTR 4 number of states -1
rts.gfu = [
    1 450 50 2
    2 450 50 2
    5 450 50 2
    6 450 50 2
    9 1200 50 4
    10 1200 50 4
    11 1200 50 4
    16 2940 60 1
    17 2940 60 1
    18 2940 60 1
    19 2940 60 1
    20 2940 60 1
    ];
    
%% branch reliability data for the IEEE-RTS .
%%  LAMDA   MTTR       |:   lamda =8760 / MTTF , 
%   f/year  hours 
rts.branch=[
    0.24    16;
    0.51    10;
    0.33    10;
    0.39    10;
    0.48    10;
    
    0.38    10;
    0.02    768;
    0.36    10;
    0.34    10;
    0.33    35;%10
    
    0.30    10;
    0.44    10;
    0.44    10;
    0.02    768;
    0.02    768;
    
    0.02    768;
    0.02    768;
    0.40    11;
    0.39    11;
    0.40    11;%20
    
    0.52    11;
    0.49    11;
    0.38    11;
    0.33    11;
    0.41    11;
    
    0.41    11;
    0.41    11;
    0.35    11;
    0.34    11;
    0.32    11;%30
    
    0.54    11;
    0.35    11;
    0.35    11;
    0.38    11;
    0.38    11;
    
    0.34    11;
    0.34    11;
    0.45    11;];

%% gas source failure data
% suppose it is similiar with gen
%等分的划成multistate.第三列是小气源的个数（一个小气源2Mm3/day左右比较好）
rts.Gsou = [
    1 1960 40 5
    2 1200 50 4
    5 2940 60 2
    8 9999999999999999999999999 0.00000000000000000000000000001 1 % regarded as never broken
    13 960 40 1
    14 1980 20 1];
% test
% rts.Gsou(:,1) = (rts.Gsou(:,1))*0.1;


%%   level_1 level_2 pd-function-data
   rts.bus=[
      .80   .60     ;
      .80   .60     ;
      .80   .60     ;
      .80   .60     ;
      .80   .60     ;
      .60   .50     ;
      .80   .60     ;
      .80   .60     ;
      .80   .60     ;
      .80   .60     ;
      
      .80   .60     ;
      .80   .60     ;
      .80   .60     ;
      .80   .60     ;
      .80   .60     ;
      .80   .60     ;
      .80   .60     ;
      .80   .60     ;
      .80   .60     ;
      .80   .60     ;
      
      .80   .60     ;
      .80   .60     ;
      .80   .60     ;
      .80   .60     ;];
  
%% Common mode outage data for IEEE-RTS
%% from  to  i  from to i  CMFR  CMRT       // CMFR ..common mode failure rate ; CMRT..come mode repair time ;
rts.common_mode_data=[
    8    9 1     8   10 1    0.150    16.00;
   15   21 1    15   21 2    0.500    16.00;
   17   22 1    21   22 1    0.500    16.00;
   18   21 1    18   21 2    0.500    16.00;
   19   20 1    19   20 2    0.500    16.00;
   20   23 1    20   23 2    0.500    16.00; ];
end