x0 = [5660755.00213145;5659310.93130054;5657866.49189598;5657866.49189598;5651742.83887932;5645612.54369516;5645612.54369516;5626809.37965927;5607943.16987207;5589013.27588405;5570019.04839665;5550959.82700243;5531834.93991715;5512643.70370347;5526053.81602937;5513999.87992190;5501919.53538987;5489812.60809789;5477678.92178398;5465518.29822959;5453330.55722908;5441115.51655856;5428872.99194412;5416602.79702936;5404304.74334231;5391978.64026168;5391978.64026168;5392009.31297620;5392039.98551623;5392070.65788179;5392101.33007287;5392132.00208947;5392162.67393161;5392193.34559928;5392224.01709249;5392224.01709249;5416522.13151608;5440711.73210803;5464794.25985942;5488771.12414855;5512643.70370347;5512643.70370347;5504801.11718674;5496947.34153232;5489082.32871197;5481206.03035289;5473318.39773421;5465419.38178349;5457508.93307317;5449587.00181696;5441653.53786615;5433708.49070596;5425751.80945175;5417783.44284521;5409803.33925057;5401811.44665060;6077357.64071022;6055507.74830812;6033578.72962145;6033578.72962145;6004195.97000734;5974668.71098008;5944994.79946588;5915172.02838501;5885198.13473603;5855070.79759181;5855070.79759181;5838687.57492814;5822258.25178066;5805782.43678109;5789259.73299209;5772689.73779567;5756072.04277876;5739406.23361573;5739406.23361573;5722647.11691646;5705838.77576623;5688980.77385771;5672072.66839979;5655114.00998186;5638104.34243446;5621043.20268610;5603930.12061614;5586764.61890368;5569546.21287221;5552274.41032992;5552274.41032992;5540555.26236297;5528811.27395315;5517042.28646881;5505248.13958267;5493428.67124640;5481583.71766458;5469713.11326828;5457816.69068800;5445894.28072617;5433945.71232908;5421970.81255820;5421970.81255820;5411900.51633428;5401811.44665060;5401811.44665060;5358736.11854812;5315311.71910914;5271529.62188070;5271529.62188070;5248724.03488846;5225818.92476824;5202812.97708422;5179704.84820960;5156493.16441088;5133176.52089486;5109753.48081650;5739406.23361573;5713515.51706417;5687506.94179788;5661378.88347574;5661378.88347574;5570280.34691888;5477666.96909153;5383460.56967840;5287576.00288523;5189920.25635206;5090391.39441155;4988877.31151056;6262070.33617678;6174364.25221350;6085394.23068044;5995103.99964718;5903432.98347431;5810315.82740209;5715681.85240799;5619454.42740955;5521550.24295891;5421878.46685136;5320339.75729870;5216825.10315230;5111214.45261954;5003375.08132797;4893159.63649669;4780403.77499927;4664923.28723786;4546510.56301433;4424930.20548208;4299913.52787175;4171151.56413205;4038286.07143527;3900897.77083877;3758490.71334780;3610471.08645236;3456117.83507092;3456117.83507091;3359245.90124125;3259496.21262504;10.8922772449590;10.8922772449590;10.8922772449590;18.3034354122895;18.3034354122895;18.3034354122895;14.3854351308000;14.3854351308000;14.3854351308000;14.3854351308000;14.3854351308000;14.3854351308000;14.3854351308000;14.3854351308000;3.83535563427225;3.83535563427225;3.83535563427225;3.83535563427225;3.83535563427225;3.83535563427225;3.83535563427225;3.83535563427225;3.83535563427225;3.83535563427225;3.83535563427225;3.83535563427225;-0.198562897436603;-0.198562897436603;-0.198562897436603;-0.198562897436603;-0.198562897436603;-0.198562897436603;-0.198562897436603;-0.198562897436603;-0.198562897436603;-5.45463757621693;-5.45463757621693;-5.45463757621693;-5.45463757621693;-5.45463757621693;-5.45463757621693;8.93079557078850;8.93079557078850;8.93079557078850;8.93079557078850;8.93079557078850;8.93079557078850;8.93079557078850;8.93079557078850;8.93079557078850;8.93079557078850;8.93079557078850;8.93079557078850;8.93079557078850;8.93079557078850;8.93079557078850;22.0119990787726;22.0119990787726;22.0119990787726;22.0119990783943;22.0119990783943;22.0119990783943;22.0119990783943;22.0119990783943;22.0119990783943;22.0119990783943;15.6451990814322;15.6451990814322;15.6451990814322;15.6451990814322;15.6451990814322;15.6451990814322;15.6451990814322;15.6451990814322;13.5041990854945;13.5041990854945;13.5041990854945;13.5041990854945;13.5041990854945;13.5041990854945;13.5041990854945;13.5041990854945;13.5041990854945;13.5041990854945;13.5041990854945;13.5041990854945;11.3841990876461;11.3841990876461;11.3841990876461;11.3841990876461;11.3841990876461;11.3841990876461;11.3841990876461;11.3841990876461;11.3841990876461;11.3841990876461;11.3841990876461;11.3841990876461;12.5841981704156;12.5841981704156;12.5841981704156;22.4639999880054;22.4639999880054;22.4639999880054;22.4639999880054;15.6159999917675;15.6159999917675;15.6159999917675;15.6159999917675;15.6159999917675;15.6159999917675;15.6159999917675;15.6159999917675;2.14099999549087;2.14099999549087;2.14099999549087;2.14099999549087;2.14099999558489;2.14099999558489;2.14099999558489;2.14099999558489;2.14099999558489;2.14099999558489;2.14099999558489;2.14099999558489;2.14099999475384;2.14099999475384;2.14099999475384;2.14099999475384;2.14099999475384;2.14099999475384;2.14099999475384;2.14099999475384;2.14099999475384;2.14099999475384;2.14099999475384;2.14099999475384;2.14099999475384;2.14099999475384;2.14099999475384;2.14099999475384;2.14099999475384;2.14099999475384;2.14099999475384;2.14099999475384;2.14099999475384;2.14099999475384;2.14099999475384;2.14099999475384;2.14099999475384;2.14099999475384;1.91899999365780;1.91899999365780;1.91899999365780];
